1
45
1 21977669 1000 0
1 236396592 1000 0
1 148703374 236396592 0
1 57267462 148703374 0
1 131505825 21977669 0
1 328146274 57267462 942
1 301995598 236396592 576
1 451784828 57267462 0
1 75645659 148703374 0
1 402054504 21977669 526
2 301995598 21977669
1 366538483 131505825 0
1 24759224 451784828 99
5 402054504
1 172737153 236396592 343
1 408988720 57267462 0
5 301995598
3 131505825
1 292039881 148703374 984
2 57267462 366538483
1 308413539 21977669 0
3 131505825
5 451784828
4 236396592
1 44329588 148703374 0
3 148703374
5 308413539
1 77765536 44329588 0
1 227396395 44329588 381
4 236396592
2 172737153 131505825
4 366538483
4 408988720
1 105751274 148703374 231
1 462716406 57267462 0
3 227396395
3 1000
5 408988720
5 21977669
1 168430250 1000 137
2 105751274 148703374
1 446373404 77765536 0
5 77765536
1 201593869 44329588 0
1 414305821 75645659 0